0.0000 0.6315 0.4763 0.6062 0.4884 0.6634 0.5831 0.3168
0.6315 0.0000 0.5028 0.4565 0.6238 0.2970 0.3025 0.5919
0.4763 0.5028 0.0000 0.4917 0.4851 0.5908 0.3454 0.3168
0.6062 0.4565 0.4917 0.0000 0.6051 0.5578 0.2981 0.5666
0.4884 0.6238 0.4851 0.6051 0.0000 0.6535 0.5677 0.3014
0.6634 0.2970 0.5908 0.5578 0.6535 0.0000 0.4818 0.6205
0.5831 0.3025 0.3454 0.2981 0.5677 0.4818 0.0000 0.4928
0.3168 0.5919 0.3168 0.5666 0.3014 0.6205 0.4928 0.0000
